# Movielens 1M best of 10 epochs

## robe
ppd     seed_1  seed_2  seed_3
32      0.393   0.4     0.398 
64      0.376   0.377   0.378 
128     0.36    0.363   0.363 
256     0.353   0.35    0.352 
512     0.34    0.342   0.346 
1024    0.345   0.342   0.344 
2048    0.339   0.341   0.345 
4096    0.341   0.34    0.341 

## simple
ppd     seed_1  seed_2  seed_3
32      0.444   0.443   0.444 
64      0.443   0.443   0.443 
128     0.438   0.438   0.439 
256     0.431   0.431   0.432 
512     0.42    0.419   0.42  
1024    0.403   0.404   0.406 
2048    0.396   0.394   0.381 
4096    0.39    0.363   0.358 

## ce
ppd     seed_1  seed_2  seed_3
32      0.412   0.419   0.41
64      0.399   0.399   0.401
128     0.39    0.394   0.393
256     0.381   0.38    0.381
512     0.375   0.379   0.379
1024    0.359   0.36    0.36
2048    0.35    0.349   0.349
4096    0.341   0.343   0.342

## cce
ppd     seed_1  seed_2  seed_3
32      0.4     0.4     0.399
64      0.381   0.383   0.382
128     0.366   0.364   0.366
256     0.366   0.358   0.359
512     0.356   0.355   0.355
1024    0.35    0.351   0.35
2048    0.342   0.343   0.342
4096    0.339   0.338   0.339

## baseline
32 0.336 0.337 0.336
4096 0.336 0.337 0.336
