# ml100k
Results of running `examples/run_all.sh -m METHOD -e 10`

## robe
ppd     seed_1 seed_2 seed_3
32      0.437   0.422   0.417
64      0.439   0.408   0.434
128     0.428   0.441   0.439
256     0.446   0.441   0.426
512     0.432   0.435   0.431
1024    0.419   0.418   0.427
2048    0.425   0.427   0.422
4096    0.416   0.413   0.419

## cce
ppd     seed_1 seed_2 seed_3
32      0.426   0.426   0.429
64      0.423   0.425   0.423
128     0.415   0.414   0.415
256     0.412   0.41    0.405
512     0.409   0.4     0.405
1024    0.398   0.402   0.403
2048    0.433   0.444   0.415
4096    0.435   0.429   0.426

## simple
ppd     seed_1 seed_2 seed_3
32      0.46    0.461   0.462
64      0.46    0.452   0.458
128     0.451   0.448   0.453
256     0.45    0.445   0.445
512     0.436   0.436   0.43 
1024    0.429   0.417   0.417
2048    0.413   0.412   0.416
4096    0.407   0.407   0.419

## ce
ppd     seed_1 seed_2 seed_3
32      0.448   0.442   0.447
64      0.44    0.441   0.438
128     0.432   0.428   0.431
256     0.421   0.422   0.423
512     0.414   0.416   0.416
1024    0.407   0.411   0.41
2048    0.419   0.411   0.416
4096    0.411   0.412   0.41

## baseline
32      0.41 0.413 0.416
64      0.41 0.413 0.416
128     0.41 0.413 0.416
256     0.41 0.413 0.416
512     0.41 0.413 0.416
1024    0.41 0.413 0.416
2048    0.41 0.413 0.416
4096    0.41 0.413 0.416
