## robe
ppd     seed_1  seed_2  seed_3
2       0.445   0.441   0.437
4       0.443   0.434   0.426
8       0.436   0.43    0.422
16      0.422   0.418   0.415
32      0.416   0.406   0.409 
64      0.429   0.414   0.411 
128     0.43    0.423   0.424 
256     0.429   0.431   0.425 
512     0.432   0.423   0.43  
1024    0.438   0.42    0.411 
2048    0.433   0.415   0.411 
4096    0.418   0.415   0.41  

## simple
ppd     seed_1  seed_2  seed_3
32      0.463   0.455   0.454 
64      0.46    0.448   0.448 
128     0.455   0.445   0.442 
256     0.445   0.438   0.436 
512     0.436   0.427   0.424 
1024    0.425   0.416   0.414 
2048    0.427   0.425   0.414 
4096    0.425   0.408   0.405 

## ce
ppd     seed_1  seed_2  seed_3
32      0.448   0.439   0.44
64      0.442   0.436   0.425
128     0.435   0.427   0.423
256     0.422   0.417   0.413
512     0.416   0.414   0.407
1024    0.413   0.407   0.402
2048    0.417   0.407   0.399
4096    0.415   0.403   0.406

## cce
ppd     seed_1  seed_2  seed_3
32      0.44    0.439   0.431
64      0.433   0.429   0.431
128     0.429   0.42    0.412
256     0.412   0.413   0.406
512     0.411   0.408   0.403
1024    0.405   0.405   0.398
2048    0.405   0.406   0.396
4096    0.405   0.397   0.403

## cce-robe hybrid
ppd     seed_1  seed_2  seed_3
2       0.448   0.442   0.434
4       0.441   0.433   0.425
8       0.426   0.417   0.418
16      0.415   0.406   0.404
32      0.411   0.408   0.398
64      0.41    0.401   0.411
128     0.404   0.403   0.406
256     0.422   0.404   0.401
512     0.415   0.41    0.4
1024    0.407   0.396   0.408
2048    0.402   0.405   0.397
4096    0.4     0.403   0.402

## tt
ppd     seed_1  seed_2  seed_3
32      0.433   0.428   0.412
64      0.424   0.415   0.409
128     0.423   0.389   0.393
256     0.399   0.391   0.394
512     0.391   0.383   0.385
1024    0.391   0.391   0.383
2048    0.39    0.386   0.385
4096    0.391   0.384   0.387
