## robe
ppd     seed_1  seed_2  seed_3
32      0.419   0.414   0.422 
64      0.416   0.421   0.422 
128     0.428   0.428   0.441 
256     0.429   0.429   0.436 
512     0.428   0.426   0.422 
1024    0.43    0.425   0.414 
2048    0.426   0.425   0.42  
4096    0.418   0.421   0.415 

## simple
ppd     seed_1  seed_2  seed_3
32      0.461   0.46    0.46  
64      0.455   0.452   0.455 
128     0.452   0.451   0.449 
256     0.443   0.442   0.444 
512     0.437   0.43    0.429 
1024    0.421   0.422   0.424 
2048    0.425   0.428   0.42  
4096    0.425   0.41    0.414 
                              
## ce
ppd     seed_1  seed_2  seed_3
32      0.448   0.444   0.448
64      0.439   0.441   0.431
128     0.432   0.431   0.434
256     0.427   0.42    0.426
512     0.417   0.419   0.418
1024    0.409   0.415   0.408
2048    0.413   0.413   0.406
4096    0.416   0.408   0.413

## cce
ppd     seed_1  seed_2  seed_3
32      0.44    0.444   0.439
64      0.435   0.433   0.438
128     0.431   0.425   0.424
256     0.416   0.417   0.415
512     0.41    0.409   0.414
1024    0.41    0.405   0.407
2048    0.407   0.408   0.401
4096    0.406   0.408   0.411
